0.000000000000000,0.000000000000000,0.999000999000999,0.000000000000000,0.000000000000000
0.000000000000000,0.000000000000000,0.990374868669043,-2.057549415880361,0.000000000000000
0.427398307139876,0.000000000000000,0.991517933986546,-2.062769034646762,-0.101945264372616
0.148078597851961,1.022272597168988,0.996764884201866,-2.086605646368158,-1.205249623613265
-0.188748938076151,-0.549502716482808,1.002238118441429,-2.111485619282823,-2.546603319488034
-0.763661968104540,-0.674343198696215,1.326836728983680,-3.580229552706598,-0.760571662510350
-0.178342232990689,-0.706783731318411,1.314664351673145,-2.668937220063947,-2.479117336981073
-0.098468357438651,-0.364298948410937,0.753706284864445,-1.009924802115342,-4.019385843602474
-0.300169268210623,-0.011552221675930,1.019909223121394,-1.869177154689845,-3.179560084322689
-0.224570117343625,-0.120422297640672,0.847262211052948,-1.435869326533981,-3.533506233233084
-0.121713724653466,-0.253418796090711,0.119937510304632,-0.222082066451382,-4.075702976578190
-0.035203429019810,-0.398639080433301,0.968552452875105,-2.726431014628736,-2.308281050181939
0.037777856301291,-0.437794173524817,1.570588482307337,-3.139660210560442,-2.904669830667838
-0.018203179821406,-0.385788982294030,1.894796235783574,-2.975625830212293,-3.517834243997369
-0.020781181468922,-0.405255205456025,1.936936158450168,-2.720198664091946,-3.802471595226896
-0.054029643737033,-0.415110509819294,2.094318445915612,-2.945479167183430,-3.555711641743608
-0.074126870058072,-0.431560384191009,1.819390912126895,-2.441990267440414,-3.620427064921683
-0.085612650305354,-0.456004674009114,1.928883518951460,-2.865648565757178,-3.120468545373511
-0.087179089843225,-0.459021479647528,1.943268956233884,-2.887665418451596,-3.092440122870663
-0.093252931759906,-0.457882272588072,1.929210489846984,-2.868222641173839,-3.069719441458595
-0.101834362757176,-0.461813203283967,1.747768004262786,-2.635533196608794,-3.045193686515827
-0.100303076529324,-0.468948674447085,1.779094657687919,-2.777280131406775,-2.901664015979380
-0.099808358268373,-0.466980749394573,1.730726760185386,-2.701400132743613,-2.939087039339960
-0.092978120149406,-0.470344545662758,1.683197636583540,-2.680642756576939,-2.928360356891470
-0.091209595338940,-0.468602958238769,1.679888909540610,-2.723446623661328,-2.898533381652818
-0.093183173088477,-0.464038674246179,1.644499340222642,-2.678253628755729,-2.920529019299744
-0.093149222603719,-0.464614133693656,1.634699641167211,-2.659160978091724,-2.926763925782030
-0.089510816541229,-0.470675950511103,1.652627694643397,-2.720360020312015,-2.869500848547309
-0.086237769483604,-0.474586672790396,1.665983110913265,-2.732247748859946,-2.869542059693911
-0.084570359587917,-0.478461862601876,1.658579739732306,-2.700361780969819,-2.881860901268307
-0.087238302676830,-0.485413077179337,1.403850100674188,-2.349199156087610,-2.911704846320133
-0.078151322927121,-0.502591901664295,1.447180245220415,-2.634033537111072,-2.614794445708552
-0.073270226534647,-0.507982523856789,1.496213197388693,-2.710892326180069,-2.587087370438052
-0.072999464959974,-0.508506616941875,1.528321057063872,-2.724306347945970,-2.606039741844049
-0.071286228470440,-0.510473255034163,1.533231532700245,-2.698550408879209,-2.636779621587990
-0.069545233943155,-0.512704311695734,1.559822046651490,-2.727587766797682,-2.631801289558596
-0.069901152808219,-0.514478854722410,1.495087978024314,-2.597355340119353,-2.682264065260188
-0.067112371656166,-0.519820742195092,1.515150342545702,-2.676093556018960,-2.604778436320537
-0.064419597263738,-0.523030696405057,1.531179162002114,-2.691516184327452,-2.602199496066097
-0.063320082427235,-0.525184850363074,1.524104812168216,-2.665516715829134,-2.613211385939907
-0.068817536241293,-0.525883894582846,1.339701704465245,-2.424206372582014,-2.621296125086716
-0.067437295733792,-0.532009972668467,1.347072149562377,-2.577619685904859,-2.437916057530016
-0.065778276788912,-0.534165267479201,1.370919705831374,-2.628714991173685,-2.406799602635284
-0.064290530186204,-0.535280527879980,1.387469985012846,-2.636154060991741,-2.418795524392525
-0.063020328395795,-0.536389391542416,1.386224199485802,-2.615462064704202,-2.439390911986832
-0.061481832956618,-0.537831226792342,1.401906588074802,-2.634595487786146,-2.436448688376331
-0.062136017727560,-0.538082116771065,1.351679367701865,-2.543960699663925,-2.469101694113726
-0.061321555179332,-0.540039183750843,1.357253868100873,-2.587423330243703,-2.421586860097099
-0.060275369221854,-0.541148067028956,1.362455974653953,-2.596057726417499,-2.417124781274988
-0.059444077368161,-0.542072282813465,1.353322206689288,-2.578384330752913,-2.424366413215326
-0.064289497073108,-0.540346987743294,1.235583112446612,-2.434556375318444,-2.424660193513804
-0.065725314250274,-0.541149170160357,1.230891371109867,-2.507108362506049,-2.329005466874926
-0.065897133164263,-0.541059778610067,1.236539343030866,-2.529999253092523,-2.310764601313281
-0.065426976845287,-0.541136882902438,1.239463913227403,-2.531560127014025,-2.315159195197825
-0.065409544480301,-0.540930251797409,1.235649359746961,-2.522740395761385,-2.321867714852081
-0.065295042500937,-0.540940898414491,1.237793397957238,-2.526856779375294,-2.320690192678831
-0.066099895669602,-0.540268691569229,1.220367400917514,-2.499905598076160,-2.329146514966807
-0.066269172312098,-0.540188042644152,1.220213018812920,-2.503532410467547,-2.324653684331284
-0.066195454013601,-0.540266060079711,1.220298214817500,-2.503038284331008,-2.325190542085377
-0.065986726360603,-0.540480177696668,1.222380984600740,-2.505437842566939,-2.324777104916603
-0.066536198894736,-0.540120239964986,1.214864922078849,-2.496847976969372,-2.324383746891546
-0.064590418779387,-0.541134079602276,1.217522446596185,-2.468736108581672,-2.362414943194596
-0.062423821675099,-0.543212167951708,1.213250931624640,-2.444794736652605,-2.382116661141478
-0.060704633398082,-0.545620951182314,1.209362099517259,-2.440653498076545,-2.375561808221824
-0.058027060444200,-0.548588716392266,1.218204868449600,-2.457013134954227,-2.364270097128545
-0.055543612233996,-0.551282748951394,1.208613320165594,-2.434823408077309,-2.373295079629413
-0.051640822069753,-0.554643227885308,1.244852088229714,-2.489961842453494,-2.356973407449665
-0.047011406622767,-0.557830726172716,1.243727617014417,-2.444283567522605,-2.410912536401775
-0.043425726799137,-0.561145951884641,1.241529111561386,-2.431273165954809,-2.421233320738435
-0.039836312687114,-0.564364223353253,1.252932478324613,-2.445825410526541,-2.418212806768833
-0.035099445999720,-0.567460421231976,1.304697254331424,-2.507657433976294,-2.419514088828765
-0.029899168728678,-0.570053864396783,1.304791677831692,-2.433381957928498,-2.512348293325289
-0.026685369803486,-0.572974797778791,1.288937938394646,-2.392392768743168,-2.536436020197542
-0.024882835414077,-0.575462791355683,1.274042359162634,-2.384024307629163,-2.520347653374896
-0.022301644138852,-0.578106173695255,1.275020590392002,-2.399469383199283,-2.501734943675252
-0.020611359501310,-0.579722840705307,1.256513506856539,-2.374873399859811,-2.504496206384767
-0.017827701125483,-0.581767671009184,1.281594423492152,-2.421155419546978,-2.486418922409903
-0.015362614526275,-0.582864050820993,1.273477419033606,-2.383560131833299,-2.523858612463072
-0.013843877286491,-0.583929002959917,1.265014292690869,-2.372773918413413,-2.526865603425037
-0.012606037922748,-0.584701234783219,1.266411520549173,-2.380880319228438,-2.521262537345717
-0.011042253880208,-0.585448828220023,1.286458970863623,-2.407140857851128,-2.520598234353492
-0.009431730624124,-0.585701284234458,1.283551410977716,-2.372459229454364,-2.561874721983364
-0.008920040465368,-0.585922758391690,1.272264969946841,-2.352509136083734,-2.571027076183339
-0.009023594597880,-0.585957185230571,1.261611182007349,-2.348006083519994,-2.561796013729451
-0.008711385780189,-0.586151634614584,1.259238161183110,-2.353866150857351,-2.553044282499557
-0.008651811836124,-0.586005476350053,1.249221921401166,-2.343500421051610,-2.553611989363546
-0.008235354823508,-0.586151389349566,1.254734673839289,-2.355357040163221,-2.548832275953829
-0.007812824064821,-0.586072210980865,1.251443827954891,-2.344423405305647,-2.559867032373932
-0.007708747897658,-0.585958129488953,1.248004236736739,-2.341152812497967,-2.560809044108884
-0.007565458187202,-0.585919626002036,1.247868876624732,-2.342988024125872,-2.559903943305698
-0.008064044968193,-0.585791945865778,1.240057458794176,-2.332523261092665,-2.559801213666800
-0.008081196621009,-0.585793756589460,1.240095504450377,-2.332945768573063,-2.559271921937194
-0.008087099144791,-0.585694842394041,1.237657740709147,-2.328784566678556,-2.561536665536306
-0.008142396142065,-0.585620030003244,1.235149171062819,-2.327654762314247,-2.560095699525289
-0.008146130873276,-0.585578505407358,1.234725469397776,-2.328738426743787,-2.558774893103091
-0.008148526985443,-0.585502821352043,1.232508455959788,-2.326370828833342,-2.559404953194860
-0.008225973003297,-0.585501137226867,1.231018541136365,-2.323286549037228,-2.560435134127418
-0.008242700801482,-0.585504756047716,1.231119275418242,-2.323686552445341,-2.559974463307056
-0.008244282594378,-0.585469143901842,1.230678179503591,-2.323225705708607,-2.560250895333478
-0.008259564320617,-0.585471797389556,1.230650245940316,-2.323053790559996,-2.560251672786451
-0.009140986276021,-0.585263734604692,1.215518043271089,-2.303605056686541,-2.559078818435896
-0.009562282130892,-0.585255758496673,1.215765345299354,-2.312482383756994,-2.547024102066570
-0.009564973856094,-0.585243763973032,1.215560728540326,-2.312058329082534,-2.547319988398038
-0.009569320881309,-0.585235218664912,1.215167417710266,-2.311844163113523,-2.547181672290232
-0.009570724252249,-0.585231868014295,1.215160039250173,-2.311940765478193,-2.547095748822999
-0.009566860703384,-0.585219779964442,1.214628192671852,-2.311271743280081,-2.547384053881852
-0.009670977411877,-0.585205608768922,1.211956530635651,-2.306349818003396,-2.548841906527371
-0.009760143525133,-0.585198698965795,1.212218385482125,-2.308142806450975,-2.546587201707930
-0.009763986144614,-0.585188462616353,1.212124071354214,-2.308006478327421,-2.546693889068944
-0.009796639748173,-0.585180417569958,1.211926086141493,-2.307600677672170,-2.546661463756165
-0.010543539426981,-0.584926243295954,1.197499301774394,-2.289857521335252,-2.545713498335326
-0.010959703401063,-0.584842616407197,1.197099503250638,-2.297751994750075,-2.534531090236437
-0.010966161609776,-0.584833469691889,1.196966178431665,-2.297374762560534,-2.534808649557064
-0.010971109272252,-0.584834409643124,1.196796656803720,-2.297268746698289,-2.534716236542241
-0.010973640142907,-0.584833257322700,1.196810657435756,-2.297336026072741,-2.534655733403075
-0.010976279079507,-0.584833164526961,1.196533060175336,-2.296920959081997,-2.534798461389597
-0.011026092819273,-0.584805024085496,1.194005481913308,-2.292595607761829,-2.536347166339559
-0.011098261944981,-0.584778207837949,1.194096920141730,-2.294117796672767,-2.534491229917943
-0.011113828691980,-0.584768484781905,1.194033225795684,-2.293988242939311,-2.534525092775781
-0.011128462113528,-0.584752765890048,1.193806034634333,-2.293613696154051,-2.534653249591178
-0.011637725089988,-0.584501177693975,1.181638945615134,-2.278719540979936,-2.535147812865683
-0.011948952375323,-0.584385987442703,1.181137485027324,-2.284815259203516,-2.526858295251567
-0.011985010928267,-0.584367994869681,1.180877284024874,-2.284034409565389,-2.527238910746238
-0.012006192927697,-0.584376393421699,1.180654245627835,-2.283931141502464,-2.526885915955046
-0.012029000944578,-0.584373103117209,1.180715025654602,-2.284229366341551,-2.526488945199492
-0.012047785804814,-0.584378684701062,1.180365454425368,-2.283758717105549,-2.526414419093538
-0.012041062022876,-0.584358704281903,1.178674146112211,-2.280699651197287,-2.528015913942022
-0.012075123303008,-0.584335025547195,1.178776953897180,-2.281651184045671,-2.527082996447972
-0.012128607067641,-0.584315319132062,1.178595408437290,-2.281460278023838,-2.526798088690354
-0.012128317218828,-0.584307637363974,1.178531652741416,-2.281293822759992,-2.526971530556020
-0.012431410905061,-0.584121735603454,1.169604089375766,-2.269720604820472,-2.528782320504359
-0.012636585815228,-0.584026865709803,1.169493833873339,-2.274079116468763,-2.523454608227121
-0.012737491921524,-0.583983238182099,1.168819967395715,-2.272740381451957,-2.523582674163614
-0.012788445194763,-0.583994245854001,1.168271246347344,-2.272569906400766,-2.522645143682378
-0.012855778715498,-0.583978569421307,1.168212123165805,-2.273156464697571,-2.521521146407823
-0.012895569781319,-0.583981172995803,1.167525914807159,-2.272487715445510,-2.521101814910131
-0.012875710334109,-0.583979667074983,1.166739822042760,-2.270773115691577,-2.522261299776204
-0.012889623823985,-0.583969935837970,1.166866140390088,-2.271238029167766,-2.521908019711851
-0.012984251152884,-0.583924605027958,1.166342354568765,-2.270928360567647,-2.521203069078436
-0.012984262601974,-0.583924630354232,1.166342287920859,-2.270929113290824,-2.521201840871065
-0.013198367328411,-0.583816469304795,1.159971936676384,-2.261952434682179,-2.523174673954049
-0.013362039413696,-0.583750605519508,1.160183673375286,-2.265320896671425,-2.519306238937706
-0.013498696394363,-0.583668847026600,1.159029016195263,-2.263639198234102,-2.519246942265853
-0.013551567087072,-0.583667759930303,1.158156764993113,-2.263355177160263,-2.518144501973834
-0.013632397276693,-0.583631818693148,1.157853789876691,-2.263941599337312,-2.516799058451376
-0.013665821783562,-0.583622704526040,1.156964427671791,-2.263203230106148,-2.516377801586960
-0.013651935830850,-0.583631510766939,1.156521686467482,-2.262023166231920,-2.517204558999877
-0.013667501217207,-0.583625894816476,1.156682656471552,-2.262436036347591,-2.516889095380504
-0.013757851792492,-0.583560570835045,1.155962597449910,-2.262049473164848,-2.516265525605025
-0.013757913248749,-0.583560522985251,1.155964409562521,-2.262046177453094,-2.516271023934753
-0.013972519269889,-0.583500297722218,1.150783094833731,-2.254427906420332,-2.517617364785286
-0.014149690991149,-0.583446181696193,1.151128033297371,-2.257574555892359,-2.513863045708653
-0.014270221209794,-0.583343630405759,1.149861529200238,-2.255873486591166,-2.514058562864900
-0.014297242925942,-0.583335262252830,1.149009381326540,-2.255552167256428,-2.513333256701965
-0.014357626063875,-0.583292809030272,1.148675798741270,-2.256013678815322,-2.512349941959436
-0.014368344926035,-0.583281650843559,1.147941670694657,-2.255391351944641,-2.512223113054819
-0.014362615454916,-0.583295705310663,1.147513406247639,-2.254236969172853,-2.512899508842712
-0.014394486486871,-0.583287786405222,1.147737928058413,-2.254833811062763,-2.512332397261989
-0.014459420191416,-0.583224832378146,1.147149465616177,-2.254484064677118,-2.512063857071998
-0.014463671267906,-0.583223861776945,1.147173272831520,-2.254433143725480,-2.512110416998504
-0.014702642713684,-0.583171592787606,1.142248793766241,-2.247483279649364,-2.512609092802306
-0.014907110582669,-0.583109759521920,1.142482790375548,-2.250579919113960,-2.508544965624892
-0.015004374142741,-0.583012335185338,1.141462874091133,-2.249042007784522,-2.509075346586516
-0.015011218064871,-0.583010608411971,1.140855163667497,-2.248776803841784,-2.508718528915643
-0.015054718549619,-0.582976137788423,1.140671849574402,-2.249181312160371,-2.508077233331975
-0.015053724357490,-0.582972759555590,1.140199204525069,-2.248719280697534,-2.508131414829528
-0.015052916735334,-0.582983725386177,1.139679821767264,-2.247552364390832,-2.508673560292929
-0.015098338746589,-0.582967735819930,1.139856714233418,-2.248235501152053,-2.507894453274024
-0.015153215535175,-0.582916876872722,1.139494578857720,-2.247972215993831,-2.507805968367389
-0.015161539369275,-0.582912606323716,1.139488249077266,-2.247889516268076,-2.507833913469206
-0.015390800175635,-0.582840143501130,1.134567170632406,-2.241455217656440,-2.507939485059130
-0.015595954549777,-0.582760557492055,1.134536844927564,-2.244276935410431,-2.503964990640957
-0.015694325412195,-0.582677754344766,1.133838254185389,-2.242912647858610,-2.504576605113941
-0.015697542796432,-0.582688274057131,1.133457122695049,-2.242728152475763,-2.504326634811350
-0.015741038092633,-0.582664477673312,1.133437626239319,-2.243156535989795,-2.503763512429964
-0.015740447272365,-0.582669729920435,1.133144912533300,-2.242808681388492,-2.503821051947630
-0.015735645380180,-0.582673299675058,1.132569858274585,-2.241711648716010,-2.504320195794481
-0.015781282356819,-0.582647897703178,1.132649804436451,-2.242358828383439,-2.503546188953894
-0.015843654065834,-0.582608075813851,1.132462823590429,-2.242184970567846,-2.503397528740983
-0.015850955826532,-0.582600017108321,1.132416639280000,-2.242082104270176,-2.503443623419891
-0.016035119167064,-0.582509033872216,1.127663813931860,-2.236152168398377,-2.503757843002305
-0.016217286276821,-0.582416667428368,1.127461126280915,-2.238631387805052,-2.500267780742647
-0.016339462303485,-0.582344717931806,1.126965728422408,-2.237414301772330,-2.500624499279802
-0.016349957396896,-0.582364668365686,1.126710127732490,-2.237301383650757,-2.500269467720498
-0.016403491572291,-0.582347699777745,1.126773422638991,-2.237760852232714,-2.499594190483418
-0.016408287854676,-0.582357106107850,1.126574242251122,-2.237501968421557,-2.499554717557877
-0.016394551568823,-0.582357357899020,1.126002275017603,-2.236456961101052,-2.500131621928621
-0.016436333957169,-0.582325162600009,1.126049894086714,-2.237095589926663,-2.499446914128371
-0.016509580880635,-0.582290298695378,1.125915864080399,-2.236983078174920,-2.499110779848764
-0.016514785229724,-0.582278960599829,1.125854594519088,-2.236852824828831,-2.499227157742593
-0.016653760859987,-0.582190750950588,1.121488699156299,-2.231358813554817,-2.499977377636896
-0.016818317201972,-0.582095674062743,1.121305949779610,-2.233679412992086,-2.496910533333724
-0.016962070023523,-0.582021131246203,1.120790580073189,-2.232560326152341,-2.496894620755546
-0.016977801350022,-0.582039823031949,1.120536665635889,-2.232471472755820,-2.496430791415331
-0.017035511359374,-0.582021679216433,1.120553503278476,-2.232886927619054,-2.495676319051748
-0.017041718472551,-0.582028193162107,1.120385061094228,-2.232698080304201,-2.495579774684927
-0.017021238952407,-0.582032071597368,1.119854543415150,-2.231648691769883,-2.496269419145890
-0.017065520750465,-0.581997542418490,1.119964386048907,-2.232363509277193,-2.495613642036274
-0.017137345323434,-0.581959937503743,1.119772569243834,-2.232254644705820,-2.495197134101576
-0.017143258274390,-0.581947482346184,1.119737094510423,-2.232104148993303,-2.495387456599037
-0.017266924757866,-0.581881196655445,1.115865053733569,-2.227013424488257,-2.496301066427857
-0.017434875917707,-0.581791748410328,1.115815613904773,-2.229338137716476,-2.493360105092070
-0.017576632544219,-0.581703802264177,1.115168311320025,-2.228246527752273,-2.493236152519610
-0.017587068387295,-0.581715004625142,1.114876089690262,-2.228139165253820,-2.492827783931851
-0.017636954516979,-0.581691704443392,1.114810341211018,-2.228467137054783,-2.492158194477933
-0.017639383345009,-0.581694050020065,1.114666163724357,-2.228326134843817,-2.492096541636987
-0.017621228842568,-0.581705111409264,1.114208423715552,-2.227310265473320,-2.492770904751459
-0.017676947622659,-0.581673357292829,1.114406624566148,-2.228109337362554,-2.492027923368746
-0.017737977694135,-0.581630194298053,1.114156359576476,-2.227974029087123,-2.491699224550091
-0.017750248577096,-0.581619818740118,1.114162912866833,-2.227837687961285,-2.491859254762924
-0.017886888744916,-0.581577468743461,1.110761483583815,-2.223245094810247,-2.492461337964490
-0.018067103157594,-0.581498375587845,1.110808236287246,-2.225506673679618,-2.489500404581236
-0.018193270624176,-0.581395443297160,1.110077221092024,-2.224378981985712,-2.489577450039102
-0.018192754328208,-0.581402224120456,1.109763237934478,-2.224241662590170,-2.489308213086592
-0.018233107352575,-0.581373671168014,1.109662017201417,-2.224525107353289,-2.488775464475600
-0.018231141097071,-0.581374577705889,1.109523669698255,-2.224387907302840,-2.488769062756634
-0.018223175041415,-0.581388259290309,1.109143863786832,-2.223531249279077,-2.489239613192905
-0.018289097990315,-0.581360204637775,1.109338485864346,-2.224300306819182,-2.488387807158740
-0.018341894836645,-0.581310650098632,1.109078492049279,-2.224136727012187,-2.488216878608356
-0.018359965524321,-0.581302164312202,1.109081382990532,-2.224035044154103,-2.488258101890053
-0.018510301710127,-0.581269069121755,1.106041805119643,-2.220045794168005,-2.488344393160720
-0.018688053297938,-0.581198053930442,1.106043351831803,-2.222022220975290,-2.485523664767856
-0.018802167429146,-0.581085084944358,1.105357431940258,-2.220832726200314,-2.485944114073443
-0.018789198554768,-0.581094081197447,1.105053636454508,-2.220668184255805,-2.485822584092894
-0.018824544910103,-0.581062221396777,1.104990886686813,-2.220975366714567,-2.485400259681937
-0.018817031432001,-0.581064599853045,1.104837070206109,-2.220796561875280,-2.485464067306991
-0.018816171856566,-0.581073492729470,1.104529361225623,-2.220184277329161,-2.485712463314024
-0.018879093734076,-0.581046456763124,1.104626701743525,-2.220802105285403,-2.484895908370147
-0.018930864374646,-0.580993185292121,1.104431906406652,-2.220632827092141,-2.484869840658264
-0.018946538782697,-0.580985409939492,1.104402725985022,-2.220561647662000,-2.484844728078926
-0.019090268410257,-0.580946300283766,1.101608490795459,-2.217127286981725,-2.484638905542096
-0.019247074616387,-0.580878448111386,1.101487928921166,-2.218715126504764,-2.482186170083358
-0.019361091232178,-0.580766545257146,1.101001320633090,-2.217520195344119,-2.482863406253976
-0.019338660617259,-0.580784814758109,1.100780032716628,-2.217358043085174,-2.482852111875566
-0.019374203901383,-0.580755858603725,1.100837253282461,-2.217730573841960,-2.482485565406622
-0.019362110556387,-0.580763183559373,1.100705088828475,-2.217522039820423,-2.482609612289575
-0.019362171838541,-0.580766474454402,1.100468630284597,-2.217120143366867,-2.482746381960527
-0.019415172498447,-0.580738653124730,1.100473564434132,-2.217590141436955,-2.482061774398375
-0.019472613868897,-0.580688677296575,1.100409426191588,-2.217455671586076,-2.482075166871968
-0.019482965653021,-0.580681663304145,1.100365713075147,-2.217403606958963,-2.482052022674387
-0.019605630760763,-0.580632963730131,1.097747395271743,-2.214360666900296,-2.481866677577763
-0.019738846460344,-0.580565549827317,1.097541583641541,-2.215658596490906,-2.479806647195674
-0.019867232864811,-0.580462906272393,1.097281508635103,-2.214539482039489,-2.480439431497569
-0.019844407441372,-0.580492114617917,1.097167251417799,-2.214413803792047,-2.480409138107857
-0.019886177272211,-0.580469987346879,1.097336771579806,-2.214841386852600,-2.479983778884605
-0.019875321866681,-0.580481781889202,1.097251177881958,-2.214651822354804,-2.480082743148976
-0.019873623635129,-0.580482778059577,1.097043559979959,-2.214324895582207,-2.480211271583582
-0.019921928316233,-0.580451581289271,1.097009653202262,-2.214751927411305,-2.479608901907417
-0.019988309757520,-0.580407542607316,1.097019099765046,-2.214665068810389,-2.479497719902984
-0.019998148690374,-0.580398559466147,1.096961717391309,-2.214603773481515,-2.479496420605796
-0.020097975110412,-0.580347342012055,1.094476507085403,-2.211724675466636,-2.479539094167373
-0.020221294989798,-0.580277347324656,1.094270329233248,-2.212969060513046,-2.477665297285000
-0.020370378852944,-0.580177947221255,1.094023961012191,-2.211954098377527,-2.477937966829963
-0.020356580428093,-0.580206858835883,1.093916000676411,-2.211858381395894,-2.477775963098141
-0.020404609794360,-0.580186242567682,1.094045471337297,-2.212251376489969,-2.477242199028773
-0.020399733116977,-0.580194663653471,1.093975633669225,-2.212123204079201,-2.477258786264493
-0.020393532524605,-0.580197073514596,1.093716305106486,-2.211686273475196,-2.477487401271440
-0.020447407650955,-0.580159850267136,1.093719364243210,-2.212208927232514,-2.476859335680951
-0.020515015233123,-0.580116946326244,1.093656420010628,-2.212132392304173,-2.476606894932194
-0.020528931907351,-0.580103138441311,1.093593158560352,-2.212036880386334,-2.476657263178887
-0.020614727948136,-0.580061882395606,1.091254829496698,-2.209165069535675,-2.476940766114824
-0.020744558708545,-0.579989704084372,1.091141881141466,-2.210550608200950,-2.475023223898960
-0.020900249886569,-0.579881010752044,1.090703891916343,-2.209592913820477,-2.475008028938181
-0.020892398158471,-0.579899617252854,1.090528085267931,-2.209493900770689,-2.474796592755037
-0.020937867931231,-0.579874808775965,1.090532528225824,-2.209791703465091,-2.474269519803912
-0.020935927746306,-0.579877701013301,1.090475909554104,-2.209721844024886,-2.474263453635870
-0.020925884109605,-0.579885364498337,1.090209163144859,-2.209190268223701,-2.474584935653180
-0.020987589112631,-0.579848654488887,1.090317107776974,-2.209821746346193,-2.473906348587309
-0.021049715450519,-0.579801620555785,1.090151392942969,-2.209722010987103,-2.473644812128733
-0.021067352860791,-0.579788529461559,1.090134395029395,-2.209628578420396,-2.473713898843222
-0.021150529691054,-0.579764588318470,1.088082919471344,-2.206932227156443,-2.474001437247273
-0.021283467321297,-0.579700215132316,1.088091173361370,-2.208344235528206,-2.472094149026749
-0.021436136091907,-0.579574068016858,1.087464371948360,-2.207349670858823,-2.472094685882585
-0.021425253088746,-0.579586365190682,1.087220909934629,-2.207222224434921,-2.471924520208441
-0.021467798094850,-0.579554328349516,1.087141468274167,-2.207477010686185,-2.471445518570674
-0.021464838599108,-0.579555956447097,1.087069493836728,-2.207400852461273,-2.471451067642183
-0.021458114657269,-0.579565529719868,1.086882506428191,-2.206978230267338,-2.471688845160841
-0.021519579373605,-0.579536285341839,1.087034495943891,-2.207573119253632,-2.471012994252618
-0.021582198458103,-0.579478476697509,1.086796356187379,-2.207436295791888,-2.470815345324774
-0.021598960849423,-0.579469922948903,1.086804217366988,-2.207377832622771,-2.470828243185926
-0.021680716824391,-0.579456685764013,1.085102335901123,-2.205100992740327,-2.470911585557370
-0.021797797530118,-0.579405801868655,1.085136737687251,-2.206274613635927,-2.469250651516664
-0.021951980208054,-0.579259939347858,1.084427254850985,-2.205184599056623,-2.469466763520603
-0.021931500859226,-0.579272973998916,1.084126503123453,-2.205013130271389,-2.469378535772397
-0.021975670744613,-0.579232337788969,1.084026207975219,-2.205293426527693,-2.468936154226703
-0.021967571987405,-0.579235179066848,1.083894565326341,-2.205148316452421,-2.468988094474140
-0.021965491313309,-0.579239836135381,1.083806775630485,-2.204956459370691,-2.469075486068614
-0.022014923055389,-0.579217443979006,1.083904785989688,-2.205392310180041,-2.468515648455026
-0.022084529147320,-0.579148509429109,1.083659609930268,-2.205233386794635,-2.468403439409217
-0.022093744914005,-0.579143954716487,1.083656863084911,-2.205205839281347,-2.468389078090116
-0.022165483960927,-0.579130693869257,1.082227836674758,-2.203362409971462,-2.468330369770372
-0.022255680789462,-0.579090235851739,1.082216728915901,-2.204213825299506,-2.467048779732757
-0.022419532189216,-0.578935262461689,1.081587919761059,-2.203082937151025,-2.467458853311999
-0.022390406050553,-0.578955621016498,1.081301596627254,-2.202892837272046,-2.467451468337752
-0.022439450942344,-0.578912910347617,1.081262125550295,-2.203232059787962,-2.467026028751381
-0.022426643752267,-0.578919650214965,1.081107963221022,-2.203034612087893,-2.467129895834364
-0.022426608353529,-0.578919714351356,1.081106274286195,-2.203031329691548,-2.467131222457243
-0.022462982773320,-0.578900646740421,1.081146820285728,-2.203333881917736,-2.466714032191333
-0.022543180294182,-0.578830070322140,1.080970053203082,-2.203196093214103,-2.466610189091257
-0.022546039267720,-0.578828245280641,1.080965141714413,-2.203186136925114,-2.466604903938291
-0.022604032681194,-0.578810483659129,1.079680253044134,-2.201594913845541,-2.466561579818529
-0.022676472771034,-0.578773394386388,1.079631405535694,-2.202264211322549,-2.465533156043388
-0.022858324627855,-0.578624457222337,1.079154721942382,-2.201200958913915,-2.465869933322979
-0.022831236022893,-0.578653695755585,1.078935005938167,-2.201038040351360,-2.465830132188378
-0.022888358554851,-0.578616965079146,1.078968024734670,-2.201417893410396,-2.465335733729312
-0.022878096134135,-0.578627074334441,1.078842423363479,-2.201237312904372,-2.465407234947199
-0.022878415891947,-0.578626824719903,1.078852046565561,-2.201254982365172,-2.465398867743864
-0.022913332193298,-0.578604157634800,1.078875943728573,-2.201552948231542,-2.465009623729730
-0.023002211261677,-0.578541517846148,1.078750501906406,-2.201461766418969,-2.464771996260651
-0.023007217600806,-0.578537009507800,1.078737316521462,-2.201438116138745,-2.464774973892462
-0.023054612628401,-0.578514739779912,1.077424287638391,-2.199804947116682,-2.464877360487788
-0.023131937091128,-0.578469227755382,1.077362832704898,-2.200551313849952,-2.463791732411289
-0.023329670936554,-0.578332860837823,1.076922918961223,-2.199632315911367,-2.463757942496416
-0.023316117846495,-0.578360412241031,1.076733239807289,-2.199516437327560,-2.463584194999940
-0.023376304475020,-0.578330753775368,1.076739974447791,-2.199847972888308,-2.463007233481640
-0.023373742969910,-0.578336579867413,1.076665905420445,-2.199756642629058,-2.463000602586973
-0.023367479662477,-0.578339570608295,1.076564621375001,-2.199553530053122,-2.463130689656705
-0.023414234908735,-0.578304053389930,1.076635689203712,-2.200007683619415,-2.462648372333882
-0.023495708677154,-0.578253374800374,1.076483877380114,-2.199946372866077,-2.462290761563633
-0.023507562512839,-0.578239168727904,1.076469471528092,-2.199870023135646,-2.462371162606896
-0.023547317900150,-0.578216938353501,1.075011695601907,-2.197928763747298,-2.462732094525002
-0.023647829565918,-0.578154418237224,1.074999659190631,-2.198984869420954,-2.461352170228010
-0.023839782938291,-0.578028077632706,1.074465290334107,-2.198213419979764,-2.460994558218767
-0.023837023767421,-0.578042968747184,1.074288540463464,-2.198134372238692,-2.460791572487511
-0.023884754012276,-0.578018902632719,1.074221044204424,-2.198343140081876,-2.460302832276238
-0.023884782765548,-0.578017640983214,1.074251184082665,-2.198370906695124,-2.460316369437319
-0.023863698513783,-0.578028990372276,1.074056087017373,-2.197872224580892,-2.460714990964716
-0.023923761651743,-0.577983785420496,1.074276270828720,-2.198545811287789,-2.460150558498299
-0.023983576921851,-0.577944747472529,1.074100600348348,-2.198492249075137,-2.459836140486733
-0.023999511197534,-0.577925416584612,1.074163455171341,-2.198382865408094,-2.460046698724151
-0.024034175997551,-0.577913096248900,1.072683929872641,-2.196196928586018,-2.460617986323317
-0.024155174969498,-0.577842947715475,1.072807153360928,-2.197542561939672,-2.458992523620209
-0.024329691124145,-0.577719287752953,1.072170848553771,-2.196852840839806,-2.458565579675282
-0.024329079270745,-0.577725158266213,1.072030120580284,-2.196796631273572,-2.458432560423260
-0.024362600012322,-0.577704954943879,1.071932429160979,-2.196919265185162,-2.458089250994764
-0.024362248003476,-0.577702665646838,1.072073456530173,-2.197028728933084,-2.458146286917875
-0.024333256375303,-0.577723346865857,1.071895557934079,-2.196410646506616,-2.458672446689953
-0.024401462508019,-0.577680446832420,1.072261038875342,-2.197204928458305,-2.458041067580216
-0.024449511420789,-0.577645085670388,1.072075830122467,-2.197148979220031,-2.457795194349405
-0.024468934823109,-0.577628538973653,1.072216727702785,-2.197052999452378,-2.458009708444183
-0.024504259538685,-0.577628205389190,1.070883069104090,-2.194933190286614,-2.458532377508374
-0.024628591740874,-0.577564671540726,1.071095239853485,-2.196306931955233,-2.456864053225756
-0.024799562811801,-0.577431593911104,1.070378817644201,-2.195606287794815,-2.456508754807629
-0.024797509384736,-0.577435936971185,1.070222246713523,-2.195543025460571,-2.456399916127997
-0.024831388110667,-0.577412219047842,1.070099067301594,-2.195661335345608,-2.456073850739227
-0.024832302718486,-0.577411048497766,1.070225371444034,-2.195757381521147,-2.456102003775869
-0.024809599191073,-0.577430774532035,1.070088930644625,-2.195243738414063,-2.456500695847824
-0.024876809025477,-0.577393623112515,1.070428303912650,-2.195965992873836,-2.455840460426278
-0.024933018788061,-0.577349224320885,1.070205799571447,-2.195896300799786,-2.455596881307676
-0.024953152630779,-0.577335278196478,1.070313856863921,-2.195822044121011,-2.455705331223315
-0.024989386866723,-0.577335513234505,1.069152616365280,-2.194014843110369,-2.456020836996639
-0.025096855948664,-0.577281704979954,1.069305162452843,-2.195140248173774,-2.454564071165582
-0.025282153543127,-0.577134701748585,1.068576632431336,-2.194389357822783,-2.454304343949279
-0.025276278253340,-0.577142999175065,1.068365334772375,-2.194299398676662,-2.454187357383586
-0.025320236906692,-0.577112488545781,1.068232924714998,-2.194467743316448,-2.453798713750113
-0.025320874783740,-0.577111759015497,1.068267704318521,-2.194496506422172,-2.453801363597972
-0.025306825925169,-0.577123273100336,1.068154398239330,-2.194154100714552,-2.454036326787205
-0.025365387932448,-0.577087520794310,1.068370741107811,-2.194726632505703,-2.453439311938648
-0.025434501944925,-0.577035932026917,1.068154788852762,-2.194661601365135,-2.453175177849276
-0.025451336935945,-0.577021689472671,1.068197552144686,-2.194592344724408,-2.453233479364475
-0.025482872937735,-0.577014788012665,1.067112373594537,-2.193019030354785,-2.453460388127798
-0.025574062860558,-0.576963436660793,1.067174783950106,-2.193937064930441,-2.452221042484223
-0.025773311376614,-0.576818549413818,1.066559784549923,-2.193220585455870,-2.451947132905447
-0.025766888381910,-0.576832272402907,1.066370703688638,-2.193138864791816,-2.451817470617697
-0.025815344359608,-0.576804379295394,1.066286065055915,-2.193339097015068,-2.451397783427940
-0.025815757804883,-0.576803255958586,1.066310457088136,-2.193361244923788,-2.451401563824379
-0.025800707435832,-0.576812080103312,1.066175848992929,-2.193021538954974,-2.451640346749404
-0.025857851036416,-0.576768965690775,1.066333913531123,-2.193571620713090,-2.451073985234578
-0.025924843985106,-0.576725720858678,1.066183186025260,-2.193537381498579,-2.450791209388333
-0.025941690622589,-0.576705335662784,1.066197990491278,-2.193440977776229,-2.450895189803525
-0.025966971130492,-0.576691031466881,1.065011378422579,-2.191778490409513,-2.451225157682239
-0.026063977012656,-0.576627807533552,1.065036629648286,-2.192767777764467,-2.449927382595304
-0.026258101338733,-0.576502323904928,1.064548149720072,-2.192177279540397,-2.449511269746029
-0.026255946613456,-0.576513626153321,1.064434800286918,-2.192132746210234,-2.449387132138115
-0.026293562841255,-0.576495824913137,1.064387787436727,-2.192283559574085,-2.449042076672758
-0.026293501033175,-0.576489653409447,1.064489544709601,-2.192374076860460,-2.449091259735833
-0.026264763590537,-0.576502305708602,1.064271593626785,-2.191824190018824,-2.449540001924779
-0.026330327214548,-0.576443725458511,1.064470253056956,-2.192499801279717,-2.448956399486445
-0.026374276806016,-0.576417984689141,1.064376909825071,-2.192485852018925,-2.448734090689161
-0.026393324037543,-0.576386739291424,1.064412561703298,-2.192339869095144,-2.448986036223127
-0.026412023863255,-0.576369026811396,1.063052700127668,-2.190374684675177,-2.449558646469674
-0.026529312452287,-0.576286721178701,1.063115888905370,-2.191624145833274,-2.448046712388910
-0.026697689287989,-0.576182163962362,1.062677769192885,-2.191157921009306,-2.447547501403938
-0.026697629261007,-0.576184551265475,1.062650198769581,-2.191148211454786,-2.447512241612460
-0.026713294522580,-0.576177273625985,1.062622897553426,-2.191204981350008,-2.447359496777457
-0.026710397942360,-0.576166008225514,1.062857166062415,-2.191388640497187,-2.447517727067434
-0.026663712530604,-0.576187221932546,1.062596043212826,-2.190604343023945,-2.448253125971267
-0.026739418853058,-0.576118226056650,1.062931602798630,-2.191449590765863,-2.447666892185408
-0.026754941303332,-0.576108888505042,1.062890801936865,-2.191443250538403,-2.447579935855960
-0.026776352228073,-0.576072606482535,1.063019250652908,-2.191277014275498,-2.447987380790527
-0.026790795414394,-0.576060895703266,1.061611937314849,-2.189082753179700,-2.448766435184309
-0.026926635332260,-0.575969518238923,1.061790863988755,-2.190575205792298,-2.447075208656661
-0.027068702016203,-0.575876173059553,1.061356101206788,-2.190179250263669,-2.446609821691430
-0.027068806286265,-0.575873025371190,1.061409684050246,-2.190198003221882,-2.446669490768455
-0.027068381871225,-0.575873252116860,1.061410797911603,-2.190196623920706,-2.446673689634261
-0.027065054202319,-0.575863074379826,1.061768332886470,-2.190451069800309,-2.446887841899987
-0.027010877325456,-0.575894178632316,1.061545545200195,-2.189579987854430,-2.447741536950151
-0.027094995349241,-0.575828153132887,1.062018125523697,-2.190527752355844,-2.447109405239488
-0.027098377120991,-0.575825886757261,1.062007221478413,-2.190525665906244,-2.447090827901321
-0.027125015328948,-0.575793746570051,1.062219906115374,-2.190383495822400,-2.447485994659859
-0.027142595750932,-0.575793325316451,1.060915515111320,-2.188222479551447,-2.448219987863657
-0.027284492265825,-0.575709241679769,1.061176783328236,-2.189756599803458,-2.446458606559147
-0.027421825920381,-0.575609862007092,1.060706622452969,-2.189351867541926,-2.446058926696183
-0.027422644861047,-0.575607611968630,1.060757149362565,-2.189370855899404,-2.446101324522756
-0.027426183573412,-0.575605369807483,1.060745926795427,-2.189382061629118,-2.446067914815418
-0.027428021983211,-0.575598733353271,1.061076623914059,-2.189620269949779,-2.446192064940773
-0.027386314800375,-0.575629173780494,1.060898548814726,-2.188885723002263,-2.446843090845415
-0.027472295571840,-0.575573386587904,1.061327582242563,-2.189750682824291,-2.446129777263165
-0.027493208626048,-0.575557838268960,1.061257583087767,-2.189734989696663,-2.446031023980927
-0.027524485038825,-0.575531912296645,1.061416455508948,-2.189631828288598,-2.446225659302288
-0.027550885728590,-0.575533391558175,1.060296899336062,-2.187839188746743,-2.446653775392038
-0.027675201755652,-0.575465712174641,1.060475066333729,-2.189076312786060,-2.445091838389592
-0.027837881794521,-0.575340218906382,1.059943640367499,-2.188574052403294,-2.444760120417955
-0.027834644844775,-0.575344249763722,1.059873502585936,-2.188543943018189,-2.444719508869537
-0.027859726390988,-0.575327037941624,1.059805264096324,-2.188634050282082,-2.444502865549644
-0.027864291405075,-0.575322294213431,1.059949575900743,-2.188753287094445,-2.444516625514726
-0.027844579667655,-0.575338176533360,1.059810088361774,-2.188325884026060,-2.444824532914800
-0.027917240662025,-0.575292248626449,1.060039866155609,-2.188942035147345,-2.444172390851442
-0.027970402083010,-0.575251928710860,1.059897102328726,-2.188907694674204,-2.443970481828972
-0.027995816805910,-0.575231692442707,1.059939480415818,-2.188835560267296,-2.444013758746380
-0.028023520377982,-0.575226177450053,1.059027189109834,-2.187521517318679,-2.444197730835841
-0.028113962375810,-0.575174632688186,1.059070122048581,-2.188338959582957,-2.443061657970826
-0.028307886552848,-0.575028051780457,1.058579182607060,-2.187759891788001,-2.442795085603780
-0.028295411858070,-0.575043145911923,1.058440006414846,-2.187689311806816,-2.442729702851794
-0.028337526757927,-0.575016710004341,1.058384265831887,-2.187868071844305,-2.442387537894294
-0.028338925638826,-0.575015064979688,1.058407326366178,-2.187891575075077,-2.442385437104338
-0.028330555817891,-0.575020721775363,1.058318416373393,-2.187685947593277,-2.442516684194992
-0.028388980875029,-0.574979261692814,1.058416100293921,-2.188129625542673,-2.441990559404539
-0.028459191553592,-0.574930348837527,1.058297059398015,-2.188106012704374,-2.441739619073001
-0.028478515768545,-0.574912234228944,1.058287182977680,-2.188043422617044,-2.441760917982335
-0.028502539916155,-0.574900823962063,1.057449952727525,-2.186928111322743,-2.441906211958467
-0.028578704541026,-0.574852488309006,1.057430367665856,-2.187587757824728,-2.440965490393877
-0.028783106042557,-0.574710513380246,1.057056946013448,-2.187045521549516,-2.440645618671475
-0.028769987269104,-0.574730371214903,1.056947865194729,-2.186984807946709,-2.440563375707770
-0.028813175599444,-0.574707930592686,1.056933937498566,-2.187177093506361,-2.440199968876895
-0.028815071904054,-0.574704779116640,1.056961882639431,-2.187209352157298,-2.440202057465805
-0.028803875667915,-0.574710291793856,1.056840518842532,-2.186954102287014,-2.440378053077374
-0.028866542926000,-0.574659818630728,1.056914460552290,-2.187426350738804,-2.439850282907647
-0.028927318864991,-0.574621472993096,1.056836168893445,-2.187419082563035,-2.439597886217049
-0.028950983007569,-0.574595134017961,1.056810429305362,-2.187328779264876,-2.439669308929008
-0.028973629694230,-0.574579340676621,1.055841627839060,-2.186045058626124,-2.439920634956516
-0.029065795603101,-0.574516450263077,1.055811291425242,-2.186857419932274,-2.438818374864657
-0.029253129808694,-0.574393135849270,1.055484949729978,-2.186407241256007,-2.438394869098691
-0.029247070923671,-0.574404462642335,1.055421936370191,-2.186375271334831,-2.438323887946154
-0.029275777183981,-0.574390486804506,1.055405551260217,-2.186493468174964,-2.438064399909764
-0.029280452644394,-0.574380132296775,1.055507426887238,-2.186599757550715,-2.438104994594605
-0.029256684521764,-0.574391364662877,1.055301895336911,-2.186129640692059,-2.438480671692297
-0.029334196074676,-0.574326902820916,1.055442158942382,-2.186747734795046,-2.437890931595538
-0.029369413492311,-0.574304678878536,1.055383658684335,-2.186741630705410,-2.437723162628505
-0.029400793163485,-0.574268770591304,1.055391784189968,-2.186622785404454,-2.437890343072864
-0.029423057274706,-0.574254489584033,1.054296316357560,-2.185091059939460,-2.438288936136297
-0.029537885545490,-0.574177918592778,1.054320694259238,-2.186135207556299,-2.436960327587441
-0.029699279138144,-0.574067860373529,1.053972172385979,-2.185746715497983,-2.436527478272895
-0.029698136555067,-0.574069892444558,1.053955401320651,-2.185738985056623,-2.436510329863159
-0.029711743176094,-0.574062395683239,1.053934878452968,-2.185788791590662,-2.436383732316728
-0.029718358785433,-0.574049689746299,1.054130225449215,-2.185963125460960,-2.436464386507782
-0.029686506159759,-0.574068800048063,1.053917751637758,-2.185375955808387,-2.436967880893613
-0.029774277537495,-0.574003100129543,1.054165128331717,-2.186099820418108,-2.436325898555568
-0.029795685158127,-0.573988232253366,1.054115714449867,-2.186091339539211,-2.436223081456528
-0.029832013396454,-0.573953810833876,1.054191190909554,-2.185986730338225,-2.436401976481210
-0.029856053472293,-0.573947975999266,1.053155112024030,-2.184447829834542,-2.436796953365042
-0.029976756352415,-0.573875803446002,1.053249855293867,-2.185543859129046,-2.435410380788334
-0.030133231455327,-0.573759072576873,1.052841314663933,-2.185140756383620,-2.435023554183092
-0.030131783796800,-0.573760857818076,1.052820237588864,-2.185130892152074,-2.435008667807249
-0.030147082516709,-0.573750673596658,1.052785096854369,-2.185183275063509,-2.434872344772727
-0.030155250856344,-0.573742130372961,1.052980458071146,-2.185349713801262,-2.434910587933744
-0.030130598238169,-0.573761822282055,1.052825982903326,-2.184869637343940,-2.435293276275950
-0.030214936290485,-0.573708287426677,1.053082283691945,-2.185535762481044,-2.434633736233294
-0.030250450733564,-0.573680710955340,1.052988448772084,-2.185514790304175,-2.434485767664306
-0.030284532765144,-0.573655657138218,1.053063162487874,-2.185447102591783,-2.434554477488484
-0.030310280906175,-0.573655005559384,1.052233239923393,-2.184213246096797,-2.434768583329204
-0.030409256585496,-0.573601414415973,1.052311219544083,-2.185069812644550,-2.433611463489735
-0.030590026862832,-0.573456162530073,1.051828772369162,-2.184576575372140,-2.433294246255159
-0.030580020204449,-0.573465131837940,1.051722374028176,-2.184521365564965,-2.433254311104848
-0.030612074771645,-0.573441017468458,1.051650537027461,-2.184636911623178,-2.432997939785221
-0.030616952154462,-0.573437497062884,1.051725384707612,-2.184706349284167,-2.432989516543921
-0.030607249236579,-0.573446657668379,1.051645599935009,-2.184486192516380,-2.433134729026723
-0.030672050568613,-0.573407944985946,1.051793986034196,-2.184951331390014,-2.432585168604931
-0.030736462545014,-0.573355676733936,1.051645563748357,-2.184914223551377,-2.432372901266882
-0.030758401969937,-0.573340523422829,1.051665953109544,-2.184875390259698,-2.432365239861386
-0.030779746887987,-0.573338239434296,1.051071774324350,-2.184047858350871,-2.432433451140071
-0.030842265577513,-0.573304095243455,1.051087678343905,-2.184555306449511,-2.431691732839093
-0.031054848595701,-0.573132928943361,1.050619360432909,-2.183988626074553,-2.431450445693279
-0.031032525681238,-0.573152954539395,1.050459832341726,-2.183891785448803,-2.431427445769998
-0.031079796210780,-0.573118622705054,1.050401583677929,-2.184082927029661,-2.431084153067191
-0.031078258768880,-0.573119875850360,1.050385518375019,-2.184065245934786,-2.431090080048095
-0.031077584497349,-0.573120456419049,1.050378092179574,-2.184048483414823,-2.431099788210953
-0.031124420258636,-0.573090049840735,1.050441302302053,-2.184360029665688,-2.430693407305093
-0.031207153654163,-0.573026766523347,1.050312082955476,-2.184331677364049,-2.430445310319614
-0.031220071854764,-0.573016572329025,1.050306870634905,-2.184304913608895,-2.430434625841106
-0.031236424524730,-0.573011490040514,1.049820881679227,-2.183669344044005,-2.430478342574251
-0.031282325568694,-0.572983963724375,1.049807145615911,-2.184029917890662,-2.429936838299112
-0.031508847699259,-0.572814016290288,1.049436248267439,-2.183489722947070,-2.429655205882403
-0.031484951019640,-0.572840320840644,1.049304429431304,-2.183400126692067,-2.429619375768335
-0.031535355235163,-0.572809540380303,1.049288209817800,-2.183613131764366,-2.429243594199247
-0.031534130934436,-0.572810914910521,1.049276874696358,-2.183599072192745,-2.429246783107850
-0.031532358400550,-0.572812035224291,1.049257258489628,-2.183558558044232,-2.429272230467638
-0.031582492620551,-0.572774861432947,1.049304348724473,-2.183889792149836,-2.428859119801674
-0.031658937609612,-0.572722341595805,1.049214551418342,-2.183880421860705,-2.428587304966539
-0.031677050318548,-0.572705158510760,1.049198446459009,-2.183834678947838,-2.428597957140794
